將P251之BinarySearch和P256之InsertionSort改成template(T)
然後主程式將凌亂的矩陣經過InsertionSort排序後，再用BinarySearch找資料。
原來list[]={1,5,6,2,3,7,9,8,4}，經過排序後list[]={1,2,3,4,5,6,7,8,9}。
輸入3個數分別找到這3個數的索引值。
原來list[]={1.1,5.5,6.6,2.2,3.3,7.7,9.9,8.8,4.4}，經過排序後list[]={1.1,2.2,3.3,4.4,5.5,6.6,7.7,8.8,9.9}。
輸入3個數分別找到這3個數的索引值。

範例輸入：
3 8 10
3.3 8.8 9.8

範例輸出：
From: 1,5,6,2,3,7,9,8,4
To: 1,2,3,4,5,6,7,8,9
3 at 2
8 at 7
10 at -1

From: 1.1,5.5,6.6,2.2,3.3,7.7,9.9,8.8,4.4
To: 1.1,2.2,3.3,4.4,5.5,6.6,7.7,8.8,9.9
3.3 at 2
8.8 at 7
9.8 at -1

